P=[1030 970];Phi1=pi/2;
G=[0 0];Phi0=pi/3;
SF=[31.806178827622800,38.476229435925960];
FS=[9.780976317400430e+02,8.565237705640741e+02];
Length=[1.250867416395882e+03,50.153766625291940,1.286935829650368e+02,1.429714765986210e+03];