x=[17 25 19 20 27];
y=[19 17 24 28 11];
% scatter(x,y,'r');
